%YAML:1.0
MarkerSize:
   width: 290
   height: 142
MarkerOrigin:
   x: 217
   y: 197
WorldScale: 1.0924533605575562e+000
WorldAngle: -5.6259794235229492e+000
AverageDepth: 705.
KinectTransform: !!opencv-matrix
   rows: 4
   cols: 4
   dt: f
   data: [ 1.08503556e+000, 1.08984493e-001, 1.93466432e-002,
       1.16609917e+002, 1.09778747e-001, -1.08394289e+000,
       -5.07000014e-002, 1.05292595e+002, 1.41611919e-002,
       5.23855276e-002, -1.08931589e+000, 7.67249084e+002, 0., 0., 0.,
       1. ]
